  1.00000000    1.00000000    0.01058776              
  0.07142857    1.00000000    0.01058776              
  0.14285714    1.00000000    0.01058776      # Ba    
  0.21428571    1.00000000    0.01058776      # Ba    
  0.28571429    1.00000000    0.01058776              
  0.35714286    1.00000000    0.00000025              
  0.50000000    1.00000000    0.98941225              
  0.57142857    1.00000000    0.98941225              
  0.64285714    1.00000000    0.98941225      # Ba    
  0.71428571    1.00000000    0.98941225      # Ba    
  0.78571429    1.00000000    0.98941225              
  0.85714286    1.00000000    0.99999974              
  0.03571429    0.50000000    0.52606162              
  0.10714286    0.50000000    0.52606162              
  0.17857143    0.50000000    0.52606162      # Ti    
  0.25000000    0.50000000    0.52606162              
  0.32142857    0.50000000    0.52606162              
  0.39285714    0.50000000    0.47393838              
  0.46428571    0.50000000    0.47393838              
  0.53571429    0.50000000    0.47393838              
  0.60714286    0.50000000    0.47393838              
  0.67857143    0.50000000    0.47393838      # Ti    
  0.75000000    0.50000000    0.47393838              
  0.82142857    0.50000000    0.47393838              
  0.89285714    0.50000000    0.52606162              
  0.96428571    0.50000000    0.52606162              
  1.00000000    0.50000000    0.49144046              
  0.03571429    1.00000000    0.49144046              
  0.03571429    0.50000000    0.98046970              
  0.07142857    0.50000000    0.49144046              
  0.10714286    1.00000000    0.49144046              
  0.10714286    0.50000000    0.98046970              
  0.14285714    0.50000000    0.49144046      # O     
  0.17857143    1.00000000    0.49144046      # O     
  0.17857143    0.50000000    0.98046970      # O     
  0.21428571    0.50000000    0.49144046      # O     
  0.25000000    1.00000000    0.49144046              
  0.25000000    0.50000000    0.98046970              
  0.28571429    0.50000000    0.49144046              
  0.32142857    1.00000000    0.49144046              
  0.32142857    0.50000000    0.98046970              
  0.35714286    0.50000000    0.50000046              
  0.39285714    1.00000000    0.50855953              
  0.39285714    0.50000000    0.01953031              
  0.42857143    0.50000000    0.50855953              
  0.46428571    1.00000000    0.50855953              
  0.46428571    0.50000000    0.01953031              
  0.50000000    0.50000000    0.50855953              
  0.53571429    1.00000000    0.50855953              
  0.53571429    0.50000000    0.01953031              
  0.57142857    0.50000000    0.50855953              
  0.60714286    1.00000000    0.50855953              
  0.60714286    0.50000000    0.01953031              
  0.64285714    0.50000000    0.50855953      # O     
  0.67857143    1.00000000    0.50855953      # O     
  0.67857143    0.50000000    0.01953031      # O     
  0.71428571    0.50000000    0.50855953      # O     
  0.75000000    1.00000000    0.50855953              
  0.75000000    0.50000000    0.01953031              
  0.78571429    0.50000000    0.50855953              
  0.82142857    1.00000000    0.50855953              
  0.82142857    0.50000000    0.01953031              
  0.85714286    0.50000000    0.49999953              
  0.89285714    1.00000000    0.49144046              
  0.89285714    0.50000000    0.98046970              
  0.92857143    0.50000000    0.49144046              
  0.96428571    1.00000000    0.49144046              
  0.96428571    0.50000000    0.98046970              
  0.42857143    1.00000000    0.98941225              
  0.92857143    1.00000000    0.01058776              
